1 67.351209 28.106790 9.544345 265.600817 62.181880 33.713221 7.915779 22.886944 179
-1 67.351209 28.106790 9.544345 265.600817 62.181880 33.713221 7.915779 20.453130 170
1 67.351209 28.106790 9.544345 265.600817 62.181880 33.713221 7.915779 9.553152  73
-1 67.351209 28.106790 9.544345 265.600817 62.181880 33.713221 7.915779 12.193972  98
100 67.351209 28.106790 9.544345 265.600817 62.181880 33.713221 7.915779 43.015725 625
-1 67.351209 28.106790 9.544345 265.600817 62.181880 33.713221 7.915779 18.292296 154
1 67.351209 28.106790 9.544345 265.600817 62.181880 33.713221 7.915779 28.717436 265
1 67.351209 28.106790 9.544345 265.600817 62.181880 33.713221 7.915779 22.247697 195
1 67.351209 28.106790 9.544345 265.600817 62.181880 33.713221 7.915779 9.627200  75
-1 67.351209 28.106790 9.544345 265.600817 62.181880 33.713221 7.915779 15.146644 126
-1 67.351209 28.106790 9.544345 265.600817 62.181880 33.713221 7.915779 4.857514  38
-1 67.351209 28.106790 9.544345 265.600817 62.181880 33.713221 7.915779 19.767159 170
1 67.351209 28.106790 9.544345 265.600817 62.181880 33.713221 7.915779 1.870769  15
1 67.351209 28.106790 9.544345 265.600817 62.181880 33.713221 7.915779 9.576642  75
-1 67.351209 28.106790 9.544345 265.600817 62.181880 33.713221 7.915779 12.030342  98
-1 67.351209 28.106790 9.544345 265.600817 62.181880 33.713221 7.915779 23.562726 212
1 67.351209 28.106790 9.544345 265.600817 62.181880 33.713221 7.915779 2.939019  23
1 67.351209 28.106790 9.544345 265.600817 62.181880 33.713221 7.915779 11.438898  93
100 67.351209 28.106790 9.544345 265.600817 62.181880 33.713221 7.915779 42.010883 625
-1 67.351209 28.106790 9.544345 265.600817 62.181880 33.713221 7.915779 13.604655 112
-1 67.351209 28.106790 9.544345 265.600817 62.181880 33.713221 7.915779 19.366563 166
1 67.351209 28.106790 9.544345 265.600817 62.181880 33.713221 7.915779 27.477052 259
1 67.351209 28.106790 9.544345 265.600817 62.181880 33.713221 7.915779 24.370143 221
1 67.351209 28.106790 9.544345 265.600817 62.181880 33.713221 7.915779 9.051148  73
1 67.351209 28.106790 9.544345 265.600817 62.181880 33.713221 7.915779 2.124488  17
-1 95.736184 34.057919 8.134934 281.003189 86.617962 25.975404 8.892491 13.728126 114
1 95.736184 34.057919 8.134934 281.003189 86.617962 25.975404 8.892491 2.616371  21
-1 95.736184 34.057919 8.134934 281.003189 86.617962 25.975404 8.892491 25.706856 236
100 95.736184 34.057919 8.134934 281.003189 86.617962 25.975404 8.892491 42.506215 625
-1 95.736184 34.057919 8.134934 281.003189 86.617962 25.975404 8.892491 27.356109 250
1 95.736184 34.057919 8.134934 281.003189 86.617962 25.975404 8.892491 3.650148  29
100 95.736184 34.057919 8.134934 281.003189 86.617962 25.975404 8.892491 42.172840 625
-1 95.736184 34.057919 8.134934 281.003189 86.617962 25.975404 8.892491 5.271998  42
1 95.736184 34.057919 8.134934 281.003189 86.617962 25.975404 8.892491 3.666907  29
1 95.736184 34.057919 8.134934 281.003189 86.617962 25.975404 8.892491 34.392904 359
-1 95.736184 34.057919 8.134934 281.003189 86.617962 25.975404 8.892491 32.965136 336
-1 95.736184 34.057919 8.134934 281.003189 86.617962 25.975404 8.892491 27.333432 256
-1 95.736184 34.057919 8.134934 281.003189 86.617962 25.975404 8.892491 13.898906 114
-1 95.736184 34.057919 8.134934 281.003189 86.617962 25.975404 8.892491 7.022071  56
1 95.736184 34.057919 8.134934 281.003189 86.617962 25.975404 8.892491 2.626344  21
1 95.736184 34.057919 8.134934 281.003189 86.617962 25.975404 8.892491 3.651642  29
1 95.736184 34.057919 8.134934 281.003189 86.617962 25.975404 8.892491 2.616926  21
1 95.736184 34.057919 8.134934 281.003189 86.617962 25.975404 8.892491 20.157954 175
1 95.736184 34.057919 8.134934 281.003189 86.617962 25.975404 8.892491 3.647826  29
-1 95.736184 34.057919 8.134934 281.003189 86.617962 25.975404 8.892491 17.832253 152
-1 95.736184 34.057919 8.134934 281.003189 86.617962 25.975404 8.892491 27.264198 256
100 95.736184 34.057919 8.134934 281.003189 86.617962 25.975404 8.892491 42.066324 625
-1 95.736184 34.057919 8.134934 281.003189 86.617962 25.975404 8.892491 38.876664 456
-1 95.736184 34.057919 8.134934 281.003189 86.617962 25.975404 8.892491 8.996090  72
1 95.736184 34.057919 8.134934 281.003189 86.617962 25.975404 8.892491 2.640857  21
-1 64.852690 33.217212 9.649607 279.082822 74.559150 32.691144 9.483958 4.829672  38
1 64.852690 33.217212 9.649607 279.082822 74.559150 32.691144 9.483958 10.956581  89
1 64.852690 33.217212 9.649607 279.082822 74.559150 32.691144 9.483958 22.043743 195
-1 64.852690 33.217212 9.649607 279.082822 74.559150 32.691144 9.483958 18.574189 160
1 64.852690 33.217212 9.649607 279.082822 74.559150 32.691144 9.483958 8.177261  65
-1 64.852690 33.217212 9.649607 279.082822 74.559150 32.691144 9.483958 7.853336  62
-1 64.852690 33.217212 9.649607 279.082822 74.559150 32.691144 9.483958 4.832674  38
-1 64.852690 33.217212 9.649607 279.082822 74.559150 32.691144 9.483958 8.032891  64
-1 64.852690 33.217212 9.649607 279.082822 74.559150 32.691144 9.483958 12.967522 106
1 64.852690 33.217212 9.649607 279.082822 74.559150 32.691144 9.483958 27.009267 253
1 64.852690 33.217212 9.649607 279.082822 74.559150 32.691144 9.483958 11.468179  93
100 64.852690 33.217212 9.649607 279.082822 74.559150 32.691144 9.483958 42.473929 625
-1 64.852690 33.217212 9.649607 279.082822 74.559150 32.691144 9.483958 12.645024 102
1 64.852690 33.217212 9.649607 279.082822 74.559150 32.691144 9.483958 8.207033  65
1 64.852690 33.217212 9.649607 279.082822 74.559150 32.691144 9.483958 26.631174 249
-1 64.852690 33.217212 9.649607 279.082822 74.559150 32.691144 9.483958 24.929937 216
1 64.852690 33.217212 9.649607 279.082822 74.559150 32.691144 9.483958 8.294343  65
1 64.852690 33.217212 9.649607 279.082822 74.559150 32.691144 9.483958 41.568528 467
-1 64.852690 33.217212 9.649607 279.082822 74.559150 32.691144 9.483958 4.830902  38
-1 64.852690 33.217212 9.649607 279.082822 74.559150 32.691144 9.483958 7.982057  64
1 64.852690 33.217212 9.649607 279.082822 74.559150 32.691144 9.483958 5.186303  41
1 64.852690 33.217212 9.649607 279.082822 74.559150 32.691144 9.483958 22.785123 203
1 64.852690 33.217212 9.649607 279.082822 74.559150 32.691144 9.483958 18.946131 163
1 64.852690 33.217212 9.649607 279.082822 74.559150 32.691144 9.483958 27.500468 259
1 64.852690 33.217212 9.649607 279.082822 74.559150 32.691144 9.483958 17.923026 153
1 103.956457 30.493085 9.152118 258.960367 73.031829 32.565095 9.569504 39.401439 469
-1 103.956457 30.493085 9.152118 258.960367 73.031829 32.565095 9.569504 3.026642  24
-1 103.956457 30.493085 9.152118 258.960367 73.031829 32.565095 9.569504 3.023250  24
1 103.956457 30.493085 9.152118 258.960367 73.031829 32.565095 9.569504 3.696948  29
1 103.956457 30.493085 9.152118 258.960367 73.031829 32.565095 9.569504 25.069792 229
-1 103.956457 30.493085 9.152118 258.960367 73.031829 32.565095 9.569504 17.112557 144
1 103.956457 30.493085 9.152118 258.960367 73.031829 32.565095 9.569504 21.656262 191
-1 103.956457 30.493085 9.152118 258.960367 73.031829 32.565095 9.569504 3.041357  24
-1 103.956457 30.493085 9.152118 258.960367 73.031829 32.565095 9.569504 3.054490  24
1 103.956457 30.493085 9.152118 258.960367 73.031829 32.565095 9.569504 11.785225  95
100 103.956457 30.493085 9.152118 258.960367 73.031829 32.565095 9.569504 42.130887 625
-1 103.956457 30.493085 9.152118 258.960367 73.031829 32.565095 9.569504 3.042775  24
1 103.956457 30.493085 9.152118 258.960367 73.031829 32.565095 9.569504 11.582856  95
1 103.956457 30.493085 9.152118 258.960367 73.031829 32.565095 9.569504 3.639064  29
1 103.956457 30.493085 9.152118 258.960367 73.031829 32.565095 9.569504 11.854213  95
-1 103.956457 30.493085 9.152118 258.960367 73.031829 32.565095 9.569504 14.872495 124
-1 103.956457 30.493085 9.152118 258.960367 73.031829 32.565095 9.569504 14.926488 124
1 103.956457 30.493085 9.152118 258.960367 73.031829 32.565095 9.569504 3.666875  29
-1 103.956457 30.493085 9.152118 258.960367 73.031829 32.565095 9.569504 3.056738  24
1 103.956457 30.493085 9.152118 258.960367 73.031829 32.565095 9.569504 2.619598  21
1 103.956457 30.493085 9.152118 258.960367 73.031829 32.565095 9.569504 12.210934  99
1 103.956457 30.493085 9.152118 258.960367 73.031829 32.565095 9.569504 3.654989  29
1 103.956457 30.493085 9.152118 258.960367 73.031829 32.565095 9.569504 12.108824  99
1 103.956457 30.493085 9.152118 258.960367 73.031829 32.565095 9.569504 11.501240  93
1 103.956457 30.493085 9.152118 258.960367 73.031829 32.565095 9.569504 3.664408  29
-1 97.937952 32.890289 9.089165 246.415559 92.611399 26.098617 8.048712 9.570473  76
100 97.937952 32.890289 9.089165 246.415559 92.611399 26.098617 8.048712 42.369528 625
-1 97.937952 32.890289 9.089165 246.415559 92.611399 26.098617 8.048712 24.380439 220
1 97.937952 32.890289 9.089165 246.415559 92.611399 26.098617 8.048712 23.766928 213
1 97.937952 32.890289 9.089165 246.415559 92.611399 26.098617 8.048712 6.241180  49
-1 97.937952 32.890289 9.089165 246.415559 92.611399 26.098617 8.048712 10.202149  82
-1 97.937952 32.890289 9.089165 246.415559 92.611399 26.098617 8.048712 21.226425 184
-1 97.937952 32.890289 9.089165 246.415559 92.611399 26.098617 8.048712 11.231441  90
-1 97.937952 32.890289 9.089165 246.415559 92.611399 26.098617 8.048712 9.481149  76
1 97.937952 32.890289 9.089165 246.415559 92.611399 26.098617 8.048712 8.442952  67
-1 97.937952 32.890289 9.089165 246.415559 92.611399 26.098617 8.048712 1.997154  16
-1 97.937952 32.890289 9.089165 246.415559 92.611399 26.098617 8.048712 11.173749  90
-1 97.937952 32.890289 9.089165 246.415559 92.611399 26.098617 8.048712 22.887175 202
-1 97.937952 32.890289 9.089165 246.415559 92.611399 26.098617 8.048712 10.397882  82
100 97.937952 32.890289 9.089165 246.415559 92.611399 26.098617 8.048712 42.412772 625
100 97.937952 32.890289 9.089165 246.415559 92.611399 26.098617 8.048712 42.341602 625
1 97.937952 32.890289 9.089165 246.415559 92.611399 26.098617 8.048712 16.599645 137
-1 97.937952 32.890289 9.089165 246.415559 92.611399 26.098617 8.048712 10.395228  82
100 97.937952 32.890289 9.089165 246.415559 92.611399 26.098617 8.048712 42.276389 625
-1 97.937952 32.890289 9.089165 246.415559 92.611399 26.098617 8.048712 8.836774  70
-1 97.937952 32.890289 9.089165 246.415559 92.611399 26.098617 8.048712 3.352212  26
-1 97.937952 32.890289 9.089165 246.415559 92.611399 26.098617 8.048712 1.979747  16
100 97.937952 32.890289 9.089165 246.415559 92.611399 26.098617 8.048712 42.454546 625
-1 97.937952 32.890289 9.089165 246.415559 92.611399 26.098617 8.048712 3.803545  30
1 97.937952 32.890289 9.089165 246.415559 92.611399 26.098617 8.048712 14.710314 121
